{"SiX":[[500,230,173,154,123,244,201,253,78,75,224,294,147,143,184,204],[230,230,0,67,62,120,105,104,37,37,110,135,67,57,85,88],[173,0,173,60,49,77,40,122,26,27,69,102,55,52,62,74],[154,67,60,154,0,78,56,84,21,24,72,83,38,46,50,72],[123,62,49,0,123,60,24,95,22,18,50,80,41,42,54,46],[244,120,77,78,60,244,91,126,39,35,105,143,70,67,84,100],[201,105,40,56,24,91,201,0,33,30,106,123,54,55,77,79],[253,104,122,84,95,126,0,253,44,41,113,155,85,77,95,114],[78,37,26,21,22,39,33,44,78,16,33,50,24,25,34,35],[75,37,27,24,18,35,30,41,16,75,33,41,19,24,32,29],[224,110,69,72,50,105,106,113,33,33,224,142,58,65,79,95],[294,135,102,83,80,143,123,155,50,41,142,294,80,84,112,127],[147,67,55,38,41,70,54,85,24,19,58,80,147,34,60,66],[143,57,52,46,42,67,55,77,25,24,65,84,34,143,51,60],[184,85,62,50,54,84,77,95,34,32,79,112,60,51,184,77],[204,88,74,72,46,100,79,114,35,29,95,127,66,60,77,204]],"SiXY":[[7136],[3400],[2356],[2323],[1846],[3689],[2902],[3388],[1031],[1071],[3164],[4129],[2056],[2145],[2570],[2930]],"SiY":[108742],"ni":[500]}
