{"SiX":[[1000,474,252,347,143,504,187,197,130,111,289,415,179,240,291,323],[474,474,0,177,65,230,101,82,58,56,139,198,87,110,141,155],[252,0,252,77,52,130,34,95,33,33,87,109,48,69,69,88],[347,177,77,347,0,165,80,63,53,36,103,137,61,83,97,110],[143,65,52,0,143,65,11,75,20,20,50,69,30,42,58,54],[504,230,130,165,65,504,94,91,56,49,138,203,95,114,144,155],[187,101,34,80,11,94,187,0,28,21,88,121,55,45,75,84],[197,82,95,63,75,91,0,197,32,28,90,112,63,62,82,77],[130,58,33,53,20,56,28,32,130,12,36,54,28,32,33,43],[111,56,33,36,20,49,21,28,12,111,34,62,24,30,40,35],[289,139,87,103,50,138,88,90,36,34,289,145,68,70,88,95],[415,198,109,137,69,203,121,112,54,62,145,415,88,107,139,141],[179,87,48,61,30,95,55,63,28,24,68,88,179,52,50,68],[240,110,69,83,42,114,45,62,32,30,70,107,52,240,81,81],[291,141,69,97,58,144,75,82,33,40,88,139,50,81,291,93],[323,155,88,110,54,155,84,77,43,35,95,141,68,81,93,323]],"SiXY":[[10170],[5127],[2312],[3870],[1481],[5218],[1523],[1334],[1324],[1128],[2604],[3770],[1540],[2527],[2807],[3220]],"SiY":[118574],"ni":[1000]}
