{"b_init":[0.058,0.1945,0.8651,0.5225,0.1472,0.6041,0.9111],"site":["MedicalCenter"],"site_size":[1000],"logL_D1":[[-2.8608],[0.6225],[-0.4668],[1.0949],[-9.8815],[-0.2787],[-3.7919]],"logL_D2":[[-2.4166,-0.0856,0.058,0.2094,-3.4017,-0.0606,0.0469],[-0.0856,-4.6724,-0.081,-0.3321,-1.4643,0.2372,-0.0713],[0.058,-0.081,-3.4491,-0.1929,1.849,-0.0247,-0.0466],[0.2094,-0.3321,-0.1929,-3.6337,-0.678,0.0806,-0.1627],[-3.4017,-1.4643,1.849,-0.678,-89.1173,-1.1525,-0.8534],[-0.0606,0.2372,-0.0247,0.0806,-1.1525,-3.3139,-0.0806],[0.0469,-0.0713,-0.0466,-0.1627,-0.8534,-0.0806,-4.0047]]}
