{"b_init":[0.058,0.1945,0.8651,0.5225,0.1472,0.6041,0.9111],"site":["Omaha"],"site_size":[500],"logL_D1":[[-3.4924],[-1.3131],[-1.2846],[-0.6626],[-29.308],[-1.1617],[0.1604]],"logL_D2":[[-2.3831,-0.3409,-0.5463,-0.0042,-14.1327,-0.8083,-0.7575],[-0.3409,-2.6895,-0.7354,0.1106,-10.8057,-0.5735,-0.51],[-0.5463,-0.7354,-2.6074,0.1762,-14.3858,-0.5022,-0.7158],[-0.0042,0.1106,0.1762,-0.6216,0.5412,0.1449,0.1016],[-14.1327,-10.8057,-14.3858,0.5412,-326.3193,-14.099,-16.4056],[-0.8083,-0.5735,-0.5022,0.1449,-14.099,-2.5817,-0.6924],[-0.7575,-0.51,-0.7158,0.1016,-16.4056,-0.6924,-2.4981]]}
