{"SiX":[[400,183,115,103,70,195,82,75,52,55,122,177,86,95,98,165],[183,183,0,46,30,87,42,26,22,20,54,79,41,43,45,75],[115,0,115,35,25,57,20,40,19,18,39,54,29,32,31,49],[103,46,35,103,0,56,21,21,13,11,30,49,25,31,18,41],[70,30,25,0,70,38,6,36,11,12,24,36,9,19,21,25],[195,87,57,56,38,195,30,43,23,31,60,79,38,55,49,79],[82,42,20,21,6,30,82,0,16,11,34,54,28,17,26,46],[75,26,40,21,36,43,0,75,13,16,40,44,26,26,28,36],[52,22,19,13,11,23,16,13,52,9,15,25,11,14,16,27],[55,20,18,11,12,31,11,16,9,55,19,27,12,16,13,27],[122,54,39,30,24,60,34,40,15,19,122,58,28,34,30,50],[177,79,54,49,36,79,54,44,25,27,58,177,42,39,52,82],[86,41,29,25,9,38,28,26,11,12,28,42,86,26,24,41],[95,43,32,31,19,55,17,26,14,16,34,39,26,95,17,48],[98,45,31,18,21,49,26,28,16,13,30,52,24,17,98,44],[165,75,49,41,25,79,46,36,27,27,50,82,41,48,44,165]],"SiXY":[[4532],[2187],[1240],[1327],[792],[2217],[762],[647],[510],[573],[1288],[1912],[913],[1180],[990],[1817]],"SiY":[57436],"ni":[400]}
