{"b_init":[-0.3801,0.4709,0.9152,0.3899,0.1407,0.284,0.7691],"site":["MedicalCenter"],"site_size":[1000],"logL_D1":[[-6.2677],[-2.4413],[3.1964],[-1.5285],[-33.3992],[-0.4399],[-18.0884]],"logL_D2":[[-5.5744,-0.4016,0.1079,0.3925,-10.1343,-0.3121,-0.6048],[-0.4016,-14.2251,-0.4905,-1.1171,-2.8467,0.4859,-0.2598],[0.1079,-0.4905,-9.5814,-0.0151,5.4763,-0.6082,-0.2853],[0.3925,-1.1171,-0.0151,-11.732,-1.3058,0.2715,-1.0584],[-10.1343,-2.8467,5.4763,-1.3058,-253.0432,-6.0945,-2.3337],[-0.3121,0.4859,-0.6082,0.2715,-6.0945,-9.724,-2.0444],[-0.6048,-0.2598,-0.2853,-1.0584,-2.3337,-2.0444,-12.3466]]}
