{"b_init":[-0.3801,0.4709,0.9152,0.3899,0.1407,0.284,0.7691],"site":["Kearney"],"site_size":[500],"logL_D1":[[0.9759],[-3.8163],[-4.4428],[-1.7019],[36.4164],[0.8148],[-3.5543]],"logL_D2":[[-4.2572,-0.285,0.2503,0.6271,-5.4134,-0.2187,0.6891],[-0.285,-8.0862,-0.4984,-1.093,-1.591,0.8692,-0.4602],[0.2503,-0.4984,-5.8228,-0.776,3.5604,-0.134,0.1605],[0.6271,-1.093,-0.776,-7.2268,-3.0039,-1.1014,-1.8665],[-5.4134,-1.591,3.5604,-3.0039,-128.4503,-5.5533,-2.8806],[-0.2187,0.8692,-0.134,-1.1014,-5.5533,-6.1509,-0.8273],[0.6891,-0.4602,0.1605,-1.8665,-2.8806,-0.8273,-6.787]]}
