{"b_init":[-0.3801,0.4709,0.9152,0.3899,0.1407,0.284,0.7691],"site":["Lincoln"],"site_size":[500],"logL_D1":[[-0.1353],[2.4073],[2.5595],[-9.9184],[-18.3977],[-2.3081],[-2.6088]],"logL_D2":[[-2.86,-0.0143,-0.2243,0.1129,-3.2558,-0.4046,-0.6301],[-0.0143,-8.8343,-0.8084,-0.6822,-3.9469,-0.6789,-1.5113],[-0.2243,-0.8084,-7.4467,-0.4297,-0.3975,-0.5269,-0.6312],[0.1129,-0.6822,-0.4297,-7.1765,-5.459,0.1332,0.4596],[-3.2558,-3.9469,-0.3975,-5.459,-105.218,-1.498,-0.8697],[-0.4046,-0.6789,-0.5269,0.1332,-1.498,-6.3892,-0.4798],[-0.6301,-1.5113,-0.6312,0.4596,-0.8697,-0.4798,-8.6798]]}
