{"btilde":[-1.179,0.468,0.8342,-0.283,0.1026,0.3568,0.1437],"setilde":[0.3312,0.1628,0.1781,0.2224,0.0446,0.1999,0.2072],"Htilde":[[0.0037,0.0001,0.0001,-0.0002,0.0021,0.0002,-0.0002],[0.0001,0.0157,0.0012,0.0011,0.0063,-0.0005,0.0011],[0.0001,0.0012,0.0127,0.0001,0.0005,0.0001,-0.0001],[-0.0002,0.0011,0.0001,0.0082,0.0032,0.0001,0.0003],[0.0021,0.0063,0.0005,0.0032,0.2115,0.0077,0.003],[0.0002,-0.0005,0.0001,0.0001,0.0077,0.0105,0.0012],[-0.0002,0.0011,-0.0001,0.0003,0.003,0.0012,0.0096]],"site":["MedicalCenter"],"site_size":[1000],"logL_all_D1":[[-0.0039],[-0.002],[-0.0011],[-0.007],[-0.0166],[-0.0007],[-0.0075]],"logL_diff_D1":[[0.0023],[0.0004],[-0.0043],[-0.0055],[0.0168],[-0.0003],[0.0105]],"logL_all_D2":[[-0.0066,-0.0002,-4.76e-06,0.0004,-0.0077,-0.0005,-0.0002],[-0.0002,-0.0157,-0.001,-0.0012,-0.0057,0.0005,-0.001],[-4.76e-06,-0.001,-0.0123,-0.0001,0.0024,-0.0003,-0],[0.0004,-0.0012,-0.0001,-0.012,-0.0033,-0,-0.0008],[-0.0077,-0.0057,0.0024,-0.0033,-0.277,-0.0074,-0.0034],[-0.0005,0.0005,-0.0003,-0,-0.0074,-0.0108,-0.0018],[-0.0002,-0.001,-0,-0.0008,-0.0034,-0.0018,-0.0132]],"logL_diff_D2":[[-0.001,0.0002,-0.0001,0.0001,0.0024,-0.0001,0.0004],[0.0002,-0.0014,-0.0005,-0.0001,-0.0029,8.2798e-06,-0.0007],[-0.0001,-0.0005,-0.0027,-0.0001,-0.0031,0.0003,0.0003],[0.0001,-0.0001,-0.0001,-0.0003,-0.002,-0.0003,0.0002],[0.0024,-0.0029,-0.0031,-0.002,-0.0239,-0.0013,-0.0011],[-0.0001,8.2798e-06,0.0003,-0.0003,-0.0013,-0.0011,0.0002],[0.0004,-0.0007,0.0003,0.0002,-0.0011,0.0002,-0.0009]]}
