{"b_init":[-0.3801,0.4709,0.9152,0.3899,0.1407,0.284,0.7691],"site":["Omaha"],"site_size":[500],"logL_D1":[[-4.4384],[-1.1334],[-4.1098],[-4.4715],[-26.189],[0.0764],[5.3959]],"logL_D2":[[-3.8337,0.257,-0.1458,-0.0235,-0.4828,-0.208,-0.0374],[0.257,-8.0319,-0.7889,-0.1886,-5.8895,0.5593,-0.2267],[-0.1458,-0.7889,-7.9007,0.8723,-2.6429,0.445,0.7113],[-0.0235,-0.1886,0.8723,-3.863,1.5129,0.6001,0.3567],[-0.4828,-5.8895,-2.6429,1.5129,-205.6696,-5.3367,-2.4303],[-0.208,0.5593,0.445,0.6001,-5.3367,-4.8542,-1.2079],[-0.0374,-0.2267,0.7113,0.3567,-2.4303,-1.2079,-5.2732]]}
