{"site":["Kearney"],"site_size":[100],"logL_D1":[[0.007,-0.0041,0.0023,0,-0.0024,0.2279,0.876,0.1015]],"logL_D2":[[-0.0361,-0.011,-0.0217,0,-0.0022,-1.1791,-4.1502,-0.6585],[-0.011,-0.011,-0.0067,0,-0.0004,-0.3492,-1.2677,-0.214],[-0.0217,-0.0067,-0.0217,0,0,-0.7333,-2.4506,-0.4076],[0,0,0,0,0,0,0,0],[-0.0022,-0.0004,0,0,-0.0022,-0.065,-0.2628,-0.0324],[-1.1791,-0.3492,-0.7333,0,-0.065,-39.7963,-135.8097,-21.3624],[-4.1502,-1.2677,-2.4506,0,-0.2628,-135.8097,-479.1805,-75.664],[-0.6585,-0.214,-0.4076,0,-0.0324,-21.3624,-75.664,-12.3314]]}
