{"site":["MedicalCenter"],"site_size":[400],"logL_D1":[[-0.0095,-0.0054,-0.0015,-0.0021,-0.0018,-0.3144,-1.1273,-0.1877]],"logL_D2":[[-0.0362,-0.0082,-0.0147,-0.0039,-0.0015,-1.1665,-4.1308,-0.6473],[-0.0082,-0.0082,-0.002,0,-0.0001,-0.2637,-0.9492,-0.1404],[-0.0147,-0.002,-0.0147,0,0,-0.4738,-1.6485,-0.2606],[-0.0039,0,0,-0.0039,0,-0.1186,-0.4595,-0.073],[-0.0015,-0.0001,0,0,-0.0015,-0.0497,-0.1817,-0.029],[-1.1665,-0.2637,-0.4738,-0.1186,-0.0497,-38.4636,-133.339,-20.8834],[-4.1308,-0.9492,-1.6485,-0.4595,-0.1817,-133.339,-474.6353,-73.9823],[-0.6473,-0.1404,-0.2606,-0.073,-0.029,-20.8834,-73.9823,-11.9272]]}
