{"site":["Omaha"],"site_size":[100],"logL_D1":[[0.0004,-0.0158,0.0047,-0.0053,-0.0019,-0.0112,-0.1355,0.0704]],"logL_D2":[[-0.034,-0.0124,-0.0132,-0.0039,-0.0016,-1.0927,-3.972,-0.5882],[-0.0124,-0.0124,-0.0036,-0.0023,-0.0014,-0.3894,-1.4516,-0.1889],[-0.0132,-0.0036,-0.0132,0,0,-0.4326,-1.5349,-0.2441],[-0.0039,-0.0023,0,-0.0039,0,-0.1215,-0.4694,-0.0671],[-0.0016,-0.0014,0,0,-0.0016,-0.0378,-0.179,-0.024],[-1.0927,-0.3894,-0.4326,-0.1215,-0.0378,-35.7522,-127.4695,-18.7694],[-3.972,-1.4516,-1.5349,-0.4694,-0.179,-127.4695,-464.77,-68.5347],[-0.5882,-0.1889,-0.2441,-0.0671,-0.024,-18.7694,-68.5347,-10.5504]]}
